*Vertices 192
575
772
844
653
707
229
562
542
383
264
221
233
256
675
427
316
322
390
308
324
642
404
293
425
626
659
495
833
3363
2915
256
861
483
325
422
1543
820
1093
627
692
805
589
925
246
471
841
576
479
219
510
424
354
1596
1355
332
540
2359
323
359
356
446
341
519
249
722
418
310
832
301
221
347
560
560
540
363
616
434
399
342
311
217
421
415
1585
258
973
773
376
1060
659
4010
323
460
477
397
1317
485
312
816
1916
521
1105
447
440
1533
287
2399
206
500
1133
282
960
1533
219
211
278
353
341
241
478
282
2724
216
1157
466
954
10829
891
571
1304
416
283
1461
681
644
312
850
937
453
2903
506
880
894
565
677
550
403
498
362
465
2027
1521
633
5733
777
440
5680
788
2742
1028
324
388
512
412
293
463
2352
283
538
1347
329
745
879
1314
1273
1592
3254
1559
355
426
943
293
1160
1645
499
736
902
545
292
3328
1181
796
